3365
90 69 91 73
175 49 176 54
68 63 69 66
108 220 108 231
62 233 64 236
103 236 104 241
138 233 139 238
38 139 39 144
80 211 81 216
68 80 70 83
26 89 26 99
186 146 186 153
83 95 83 105
194 37 196 40
3 47 5 50
121 63 122 68
70 17 73 19
57 188 59 191
54 234 54 245
57 82 58 86
7 167 12 168
161 243 164 245
18 216 19 221
27 239 32 240
109 220 109 231
188 228 190 231
1 8 2 13
38 183 40 186
84 234 86 237
3 220 4 224
51 105 56 106
187 172 188 177
6 222 8 225
49 216 52 218
160 131 161 136
110 60 111 64
47 180 48 184
12 21 14 24
54 0 55 4
101 51 104 52
76 199 77 204
137 247 140 249
92 157 93 162
137 78 137 89
37 102 39 105
9 121 10 126
187 167 189 170
57 17 62 18
29 140 30 144
121 69 121 78
166 137 167 142
28 241 33 242
189 189 190 194
57 171 62 172
159 9 160 13
121 228 124 230
186 60 187 65
47 25 50 27
146 6 148 9
68 25 72 26
104 223 105 228
119 10 120 14
109 33 110 38
69 6 70 11
167 24 168 28
158 55 161 57
137 214 140 216
79 240 82 242
115 86 116 91
44 164 45 168
190 21 192 23
52 88 55 90
0 87 2 90
170 237 172 240
36 145 38 148
142 116 147 117
137 53 138 58
173 159 175 162
84 36 89 37
34 60 34 70
44 246 45 249
9 115 10 120
198 130 199 134
129 0 130 5
196 111 197 116
88 163 93 164
165 55 166 59
35 160 36 164
171 145 172 150
154 126 159 127
140 107 140 116
193 136 195 139
25 100 26 104
54 108 56 111
42 74 46 75
60 162 61 166
1 43 3 46
145 194 146 197
41 178 42 182
142 226 146 227
29 226 29 237
115 16 115 24
35 187 40 188
151 114 153 117
171 1 174 3
182 99 184 102
106 70 106 81
148 121 148 132
118 215 118 224
55 163 58 165
50 157 52 160
79 22 80 27
149 67 151 70
195 89 197 92
60 152 61 157
152 181 155 183
38 170 39 175
25 50 28 52
59 183 61 185
38 20 41 22
198 241 199 246
80 0 83 2
123 184 125 187
86 126 88 128
63 49 65 52
124 80 126 83
117 225 119 227
34 240 35 245
87 12 89 15
15 122 16 127
148 179 151 180
82 110 82 118
67 47 70 49
66 17 66 28
52 124 52 135
184 210 189 211
190 181 194 182
13 37 15 40
147 68 148 73
191 187 193 190
168 137 169 142
23 34 24 39
101 239 102 244
61 203 66 204
179 36 181 39
113 132 113 143
191 79 192 84
186 190 187 195
197 221 199 223
68 185 69 190
101 64 102 69
9 68 9 76
108 65 109 70
13 59 14 64
9 135 11 138
190 76 190 87
24 214 29 215
30 7 30 15
8 163 10 166
147 164 148 169
166 64 169 66
188 63 190 66
100 100 101 105
140 96 143 98
58 92 58 103
177 199 179 202
111 0 112 5
10 2 12 5
62 40 67 41
50 223 51 227
112 54 112 65
41 36 43 39
36 20 37 25
128 216 130 219
21 152 22 157
54 76 55 81
178 76 179 81
22 0 24 3
173 230 184 230
8 68 8 79
101 57 102 62
182 240 184 243
141 6 143 9
102 223 103 228
8 203 9 208
13 177 15 180
28 44 29 49
55 226 56 231
80 108 85 109
187 225 190 227
197 6 199 9
64 187 64 197
91 244 92 249
159 187 162 189
33 222 38 223
104 212 107 214
31 65 33 68
81 106 86 107
171 167 173 170
91 5 92 10
24 194 26 197
122 249 133 249
71 102 74 103
76 228 78 231
98 117 98 128
87 152 88 156
162 199 163 204
86 165 86 173
21 75 22 80
109 168 109 178
165 242 169 243
47 93 52 94
84 4 89 5
72 45 75 47
195 199 195 207
179 64 180 69
164 238 166 241
82 52 82 59
92 45 94 48
14 185 15 190
57 0 60 2
112 25 117 26
36 189 36 200
77 180 79 183
140 233 143 235
147 26 150 28
30 38 31 43
87 214 92 215
179 99 181 102
37 109 38 114
70 188 73 190
118 196 119 200
187 91 189 94
192 241 195 243
45 220 47 223
108 71 110 74
34 207 35 211
1 182 1 189
113 195 117 196
103 89 103 98
38 80 39 85
121 82 122 87
44 79 47 81
19 247 21 249
0 151 3 153
127 44 127 53
164 42 164 52
58 5 60 8
151 195 153 198
25 183 26 187
51 109 52 114
0 244 2 247
29 188 31 191
138 175 139 180
130 185 135 186
69 171 71 174
49 210 50 215
46 28 47 33
75 213 75 224
180 211 181 216
120 117 125 118
163 145 164 150
69 165 72 167
168 95 170 98
189 52 191 55
188 137 191 139
193 140 195 143
16 210 18 213
114 235 116 238
96 156 97 160
114 186 116 189
152 28 154 30
154 75 158 76
62 81 64 84
121 174 122 178
0 63 2 66
84 49 85 54
84 13 85 17
170 197 171 202
142 127 145 129
118 62 119 66
128 0 128 8
192 229 194 232
39 106 39 117
53 182 56 184
139 182 144 183
151 121 153 124
178 144 180 147
91 16 92 21
87 81 87 89
168 72 168 83
152 31 157 32
28 150 31 152
151 109 156 110
53 112 56 113
84 27 89 28
25 63 25 72
173 121 174 126
127 166 132 167
60 104 60 115
149 6 150 11
180 28 181 33
83 246 85 249
16 1 16 12
107 46 108 51
129 207 130 212
196 14 196 25
119 35 121 38
162 140 162 148
155 187 157 190
18 126 20 129
128 224 129 229
148 149 150 152
65 165 65 176
73 232 74 236
90 237 90 248
43 135 44 138
134 203 137 205
128 24 129 29
7 12 8 17
190 15 191 20
47 193 48 198
88 203 89 208
153 158 154 163
49 133 50 137
134 0 137 2
118 193 121 195
34 212 34 221
50 188 52 191
0 204 2 207
85 177 85 185
1 36 4 38
146 22 148 25
132 174 135 176
146 33 148 36
99 133 100 138
7 124 8 129
196 139 197 144
180 171 180 182
177 241 178 246
90 49 93 51
159 104 160 108
190 47 192 50
11 219 12 224
53 212 53 222
34 0 36 3
129 15 130 20
107 3 109 6
197 103 199 106
157 100 159 103
43 196 46 198
152 87 153 92
169 72 172 74
108 112 110 115
176 36 178 39
29 16 30 21
2 116 4 119
141 195 142 199
178 232 189 232
126 132 134 132
30 229 33 231
193 94 194 99
159 170 160 175
34 106 37 108
185 101 186 106
139 16 142 18
0 15 5 16
12 25 12 34
77 38 77 49
130 130 135 131
50 120 55 121
3 143 3 150
37 39 38 44
26 216 29 218
27 222 28 226
195 185 195 194
50 43 53 45
158 190 160 192
9 77 14 78
85 116 86 121
111 168 112 173
61 119 61 130
195 179 196 184
82 34 82 45
53 129 56 131
194 52 196 55
57 87 59 90
41 57 41 68
90 202 92 205
5 83 7 86
69 96 72 98
124 65 124 73
118 83 120 86
96 29 98 32
25 166 28 168
147 191 149 193
171 244 173 247
46 10 49 11
22 85 22 95
38 241 42 242
56 71 57 76
110 24 111 29
169 75 172 76
117 245 122 246
54 9 55 14
85 39 86 44
87 168 89 171
112 212 114 215
164 21 165 25
173 134 176 136
113 114 113 125
133 179 134 184
12 192 15 194
142 58 143 63
117 162 122 163
32 175 32 184
105 88 106 93
17 224 19 227
42 168 42 177
186 237 187 242
190 170 192 173
90 86 91 91
90 168 95 169
175 60 178 62
169 165 170 169
84 216 89 217
146 72 146 80
37 163 38 168
84 218 85 223
20 62 22 65
106 135 108 138
23 25 25 28
70 225 71 229
78 190 79 195
190 1 191 6
77 144 80 146
106 36 107 40
181 198 184 200
4 89 5 92
25 18 27 21
116 147 119 149
193 144 194 148
0 91 3 93
177 131 178 136
198 107 199 112
2 30 4 33
138 87 138 98
136 114 139 116
59 95 59 106
181 224 186 225
65 68 66 73
171 55 172 60
7 110 8 114
126 153 128 156
4 178 6 181
142 70 146 71
168 199 169 204
45 172 48 174
195 101 196 106
77 187 80 189
44 14 45 18
1 212 3 215
74 21 75 26
150 35 150 45
137 61 138 66
194 56 195 61
21 85 21 96
101 7 102 12
146 170 147 175
62 54 65 56
24 177 24 187
182 14 182 25
76 219 81 220
25 192 30 193
160 246 163 248
172 137 177 138
24 112 29 113
144 66 146 69
196 78 198 81
93 101 93 111
130 233 132 236
155 191 157 194
48 128 49 132
86 90 86 101
173 143 173 153
63 42 65 45
76 237 78 240
170 133 171 138
108 103 109 108
36 152 36 159
120 111 122 114
48 228 50 231
54 213 55 218
168 120 171 122
147 149 147 160
110 50 110 59
3 65 6 67
196 227 199 229
74 122 76 125
90 52 91 57
149 153 150 157
0 38 0 49
31 109 33 112
39 66 40 71
85 157 88 159
95 170 97 173
148 230 151 232
89 178 89 189
29 247 32 249
76 55 76 65
36 18 41 19
119 204 121 207
176 104 177 109
105 95 106 100
83 229 83 239
26 131 28 134
55 234 55 245
105 15 107 18
187 243 191 244
12 148 21 148
108 194 110 197
77 115 81 116
49 234 49 245
29 246 40 246
129 114 129 122
157 96 159 99
96 179 98 182
25 150 26 155
184 186 184 197
126 65 126 73
54 58 57 60
80 3 83 5
196 174 199 176
111 159 113 162
173 72 175 75
120 119 123 121
100 114 101 119
97 223 97 233
92 83 94 86
44 82 49 83
53 238 53 249
53 208 55 211
166 145 166 156
137 189 142 190
103 171 106 173
80 191 82 194
0 140 1 144
81 34 81 45
9 11 10 14
40 218 43 220
170 63 172 66
108 165 111 167
188 115 189 120
76 69 76 78
155 152 156 156
16 179 18 182
155 105 158 107
192 124 195 126
25 181 30 182
44 154 45 159
128 114 128 122
37 125 40 127
191 143 192 148
95 129 98 131
3 182 4 186
6 155 8 158
82 229 82 239
19 75 20 80
123 9 123 16
12 65 13 70
184 235 189 236
76 17 78 20
119 131 121 134
27 22 28 27
100 0 100 11
101 15 102 20
8 30 10 33
159 137 161 140
130 90 131 95
60 220 62 223
73 87 75 90
32 121 35 123
195 95 196 100
64 220 65 225
81 102 82 105
110 93 111 97
143 161 144 166
86 10 86 21
17 140 20 142
31 126 34 128
23 68 24 72
67 67 69 70
33 169 33 180
55 142 57 145
45 34 46 39
141 114 141 121
21 121 23 124
101 134 101 145
184 112 185 116
13 220 15 223
95 161 97 164
17 6 18 11
18 229 19 234
56 3 57 8
60 158 61 161
192 118 193 123
47 151 50 153
92 144 92 155
158 210 159 215
29 184 31 187
153 164 153 171
127 135 128 140
43 0 43 11
108 215 111 217
73 110 74 115
172 194 173 199
33 73 38 74
168 173 171 175
162 220 165 222
154 16 157 18
87 108 88 113
74 83 75 86
65 57 65 64
39 157 41 160
168 205 171 207
168 230 169 235
41 141 44 143
162 83 165 85
91 92 92 97
116 179 121 180
188 56 189 60
119 181 121 184
119 222 122 224
2 71 3 76
112 182 114 185
84 102 86 105
103 204 103 214
131 149 136 150
87 105 92 106
67 131 69 134
112 27 113 32
196 230 199 232
125 166 126 171
138 74 141 75
13 98 14 103
107 154 108 159
28 32 30 35
148 233 150 236
146 142 147 147
191 96 192 101
21 238 24 240
142 184 144 187
96 132 96 143
78 127 81 129
122 50 122 61
124 205 127 206
158 240 158 248
169 128 170 132
102 178 102 188
159 86 162 88
29 222 30 225
84 191 85 195
127 235 129 237
73 202 74 207
66 90 69 92
129 138 132 140
6 240 7 245
177 148 182 149
190 131 191 136
139 36 143 37
125 54 127 57
153 143 156 145
97 7 98 12
113 48 114 53
187 82 188 87
114 141 115 145
5 222 5 233
177 170 177 181
184 26 186 29
103 127 105 130
114 92 114 103
119 217 122 218
20 112 23 114
2 0 4 3
113 76 120 76
108 132 111 134
65 100 68 102
4 68 5 72
121 19 126 20
182 30 184 33
127 242 130 244
88 175 91 177
126 133 134 133
13 31 14 36
38 5 39 10
14 14 16 17
69 15 72 16
19 192 20 197
100 110 102 113
93 58 95 61
76 9 79 11
125 146 130 147
90 188 91 193
128 203 128 214
163 175 167 176
120 248 131 248
9 183 14 184
189 174 191 177
192 223 193 228
97 13 102 14
98 21 103 22
35 109 36 113
71 153 71 163
151 7 153 10
187 127 187 136
18 60 19 64
124 53 124 64
134 17 138 18
112 87 114 90
108 78 110 81
197 207 199 210
100 120 101 125
15 110 16 115
23 162 24 167
57 126 58 131
108 109 111 111
0 248 4 249
110 152 114 153
16 99 18 102
44 40 45 45
32 102 36 103
61 186 62 191
108 22 109 27
11 47 11 58
144 247 147 249
61 11 63 14
27 169 29 172
42 130 46 131
160 207 161 212
15 31 16 36
109 154 109 162
98 209 100 212
114 16 114 24
62 57 62 68
96 183 97 188
60 47 61 52
71 120 73 123
89 224 89 232
178 104 183 105
1 47 2 52
42 124 43 129
5 74 7 77
16 222 21 223
97 55 98 59
1 53 2 58
193 151 194 156
46 133 48 136
185 243 186 248
168 214 173 215
1 208 3 211
12 227 13 232
50 203 53 205
0 26 1 31
154 231 155 236
195 168 196 173
35 220 39 221
141 1 142 5
192 207 193 211
171 127 172 132
143 19 148 20
83 39 84 44
151 151 153 154
129 6 131 8
25 53 27 55
187 4 188 8
112 127 112 138
93 213 94 218
129 102 131 104
179 17 181 20
168 55 169 60
178 42 179 47
191 184 194 186
24 44 25 49
3 201 4 206
34 224 37 226
126 117 127 122
91 179 92 183
49 71 52 73
141 245 142 249
168 61 172 62
72 27 72 38
0 71 1 76
132 209 137 210
186 15 187 20
129 87 132 89
92 98 95 100
135 244 136 249
149 64 151 66
5 7 10 8
24 127 25 132
63 57 63 64
173 18 176 20
68 71 70 74
197 51 198 56
138 209 139 213
173 101 175 104
20 216 21 221
140 91 141 95
146 130 147 134
140 99 143 101
158 139 158 150
49 141 51 144
133 49 133 60
180 162 180 170
80 161 82 164
52 75 53 80
173 172 175 175
158 151 159 156
164 18 167 20
23 102 23 111
85 133 90 134
76 21 77 26
101 33 103 36
149 106 150 111
136 222 137 226
34 197 35 202
125 32 126 37
28 58 29 63
149 140 151 143
48 107 49 112
133 155 136 157
196 162 197 167
75 100 76 105
113 36 114 41
153 224 154 229
37 180 40 182
118 124 119 129
180 2 180 11
129 172 134 173
50 0 53 2
24 173 26 176
68 160 70 163
184 164 184 175
45 185 49 186
8 63 9 67
187 178 190 180
136 72 137 77
159 240 160 245
5 30 5 38
65 36 69 37
48 31 50 34
123 53 123 64
133 117 138 118
152 221 154 223
14 203 14 213
42 193 42 204
130 157 131 161
94 222 105 222
87 63 89 66
121 11 122 16
52 62 54 65
98 111 99 116
150 192 153 194
84 205 86 208
182 93 183 98
101 37 103 39
131 56 132 61
132 90 134 93
26 22 26 33
95 174 97 177
112 107 112 115
48 90 51 92
56 30 57 35
47 121 47 132
53 114 54 119
134 191 134 200
106 10 109 12
159 30 160 35
54 20 56 23
71 107 76 108
97 76 100 78
155 19 155 30
53 154 54 159
12 137 12 147
80 48 82 51
93 140 95 143
48 187 49 192
14 41 14 49
111 228 112 233
182 185 183 189
51 208 52 213
43 104 45 107
62 119 67 120
180 93 181 98
94 196 95 200
129 34 132 36
36 59 37 64
12 203 13 206
21 180 22 185
155 55 155 64
101 45 104 47
78 31 82 32
191 191 192 196
95 204 96 209
47 73 48 78
181 87 182 92
154 165 154 176
112 154 114 157
110 140 112 143
16 37 16 48
109 13 109 21
150 168 152 171
150 207 152 210
87 77 89 80
105 51 106 55
80 13 83 15
107 59 107 69
40 173 41 177
149 174 150 178
80 11 85 12
52 5 54 8
122 193 124 196
175 206 176 211
40 104 41 109
2 80 3 85
49 3 51 6
193 214 197 215
36 12 39 14
121 106 122 110
157 225 161 226
122 94 129 94
198 197 198 206
172 91 175 93
184 142 186 145
194 29 199 30
155 157 155 165
177 85 177 96
1 59 3 62
139 30 142 32
17 122 17 129
187 90 194 90
122 204 122 215
113 126 114 131
8 93 10 95
92 11 95 13
165 60 167 63
167 33 169 36
43 144 43 152
182 117 184 120
178 180 178 191
187 25 188 29
19 187 20 191
8 18 13 19
139 68 143 69
170 77 171 82
155 94 159 95
45 22 48 23
176 115 177 120
137 33 138 38
88 68 89 73
121 198 122 203
183 110 188 111
181 59 183 62
164 155 165 160
102 40 103 44
126 134 126 143
29 128 30 133
79 18 81 21
22 195 23 200
43 203 45 206
65 210 70 211
10 96 11 99
71 205 71 216
110 246 112 249
149 98 152 100
161 95 163 98
151 39 154 41
163 116 163 127
129 220 131 223
157 216 158 221
93 20 95 23
161 58 164 60
36 170 37 175
173 54 173 65
98 146 98 155
160 160 161 165
153 208 156 210
72 192 73 197
148 244 149 249
115 130 116 135
63 205 64 209
190 164 191 169
183 11 185 14
14 149 14 159
196 45 197 50
135 158 138 160
152 125 153 128
67 71 67 78
139 10 142 11
115 154 120 155
63 144 64 148
87 242 89 245
71 175 71 186
170 114 172 117
7 219 10 221
170 220 175 221
120 235 121 240
178 89 180 92
42 110 44 113
131 134 133 137
49 67 51 70
7 28 11 29
114 160 116 163
84 226 85 231
179 70 181 73
89 141 90 146
123 223 127 224
8 173 13 174
13 0 15 3
23 220 26 222
48 126 51 127
198 31 199 36
144 153 144 160
68 109 71 111
118 93 119 97
179 183 180 188
70 130 77 130
169 216 171 219
87 182 88 187
15 203 16 208
133 72 134 77
80 73 83 75
135 3 137 6
83 240 86 242
186 78 188 81
23 171 23 180
77 92 79 95
101 245 102 249
167 159 170 161
12 207 13 210
8 170 11 172
133 9 138 10
108 202 109 206
185 33 194 33
9 15 12 17
174 176 174 183
11 35 12 40
143 85 144 90
187 141 188 145
21 127 22 132
143 192 144 197
93 170 94 174
23 137 24 141
120 53 121 58
22 241 22 249
67 42 70 44
167 83 167 94
159 197 161 200
132 142 135 144
135 48 135 59
44 192 46 195
106 127 108 130
5 60 6 64
43 160 45 163
146 102 147 107
45 53 47 56
168 143 172 144
119 48 124 49
149 144 152 146
32 96 33 101
75 187 76 192
31 162 31 170
192 161 194 163
15 167 16 172
104 36 104 44
50 219 52 222
127 123 132 124
183 190 183 197
122 95 125 97
13 25 16 27
142 79 145 81
152 66 154 69
90 178 90 187
115 56 116 61
17 41 19 43
121 1 123 4
113 62 113 71
24 188 28 189
74 211 79 212
62 88 65 90
65 154 65 163
181 183 184 184
165 15 167 17
40 32 42 35
132 5 134 8
98 51 100 54
72 80 75 82
157 150 157 158
156 26 157 30
136 11 138 14
8 99 9 104
29 90 32 92
120 156 121 161
107 242 110 244
153 249 164 249
155 238 160 239
65 32 67 35
13 198 15 201
160 89 161 94
57 178 58 183
184 158 186 161
33 52 35 55
101 202 106 203
149 131 150 136
32 60 33 64
122 180 124 183
98 166 99 171
197 177 198 181
94 24 95 29
63 215 63 225
180 79 181 83
186 212 186 223
188 181 189 186
47 63 48 68
54 185 56 188
71 99 74 101
116 181 118 184
156 117 158 120
89 156 91 159
27 219 30 221
80 76 83 78
175 243 176 248
19 65 19 74
174 214 175 219
134 165 135 169
109 84 109 95
40 212 41 217
189 158 192 160
3 100 3 108
149 216 151 219
134 124 135 129
159 117 161 120
71 87 72 92
67 147 70 148
108 179 110 182
50 162 53 164
37 152 38 157
124 235 125 240
128 110 130 113
139 105 144 106
121 79 123 81
84 29 87 31
58 224 58 231
46 84 47 89
115 115 116 120
195 160 199 161
110 16 111 21
141 19 142 24
86 177 87 181
30 93 30 102
114 146 115 151
159 45 162 47
62 116 65 118
126 176 127 181
20 81 22 84
146 186 146 193
63 164 74 164
127 9 130 11
133 25 135 28
23 40 23 49
1 228 2 233
13 233 16 235
6 53 8 56
97 81 97 91
18 237 19 242
125 182 130 183
145 198 148 200
76 217 81 218
91 133 92 137
51 86 56 87
5 167 6 170
33 145 35 148
43 24 46 26
134 105 134 116
70 113 70 124
195 234 197 237
127 170 128 174
72 62 74 65
175 81 177 84
24 73 25 78
177 45 177 56
186 38 191 39
45 100 48 102
55 24 58 26
97 134 98 139
174 150 178 151
122 98 124 101
110 123 112 126
173 10 174 15
99 224 101 227
119 101 120 104
4 17 4 25
144 38 145 43
35 137 39 138
135 132 136 136
132 177 135 178
184 71 186 74
160 64 162 67
93 69 93 80
27 208 31 209
162 103 163 108
93 144 96 146
97 192 99 195
28 117 30 120
162 205 163 210
120 135 121 139
140 217 140 225
0 122 0 131
145 179 145 190
141 173 143 176
66 80 66 89
30 45 33 47
56 192 58 195
121 102 122 105
179 206 187 206
111 35 112 40
89 128 90 132
165 9 166 14
16 162 17 166
64 140 66 143
5 246 7 249
54 246 56 249
165 69 167 72
156 34 158 37
150 224 151 229
193 9 194 14
140 38 141 43
191 9 192 14
69 93 72 95
59 82 61 85
155 174 156 179
32 141 32 152
83 130 84 135
77 124 80 126
77 99 79 102
0 156 2 159
195 31 197 34
164 103 169 104
161 26 164 28
178 247 181 249
96 79 100 80
168 188 170 191
52 223 54 225
91 22 92 27
67 103 69 106
148 242 153 243
27 11 28 16
179 130 181 133
174 97 176 100
144 139 148 140
118 172 120 175
27 7 29 10
33 19 35 22
64 0 65 5
180 192 182 195
104 27 105 32
20 201 21 204
26 230 26 241
106 27 107 32
90 35 90 43
139 122 141 125
68 191 68 199
132 109 133 114
21 210 22 214
83 112 84 117
59 173 59 182
177 126 179 129
87 201 87 212
96 69 97 74
115 102 115 113
18 156 20 159
180 239 181 244
1 216 3 219
88 141 88 151
57 15 62 16
177 152 177 162
78 50 78 61
100 192 100 203
114 81 115 85
38 63 38 72
162 223 165 225
3 243 5 245
120 145 122 148
82 119 83 124
94 92 98 93
141 130 142 135
75 174 76 179
95 62 96 67
64 198 65 202
78 147 83 148
149 85 150 90
5 78 6 82
120 122 121 127
46 164 48 167
118 185 119 190
39 234 42 236
118 228 119 233
131 96 132 101
192 201 193 206
62 162 62 170
117 185 117 194
154 205 157 207
186 49 187 53
53 28 53 36
98 104 99 109
50 99 50 110
48 204 49 209
17 118 22 119
83 62 84 67
178 50 179 55
89 84 89 95
183 78 184 83
96 247 99 249
110 45 111 49
131 62 132 66
20 14 22 17
63 237 63 248
107 70 107 81
72 0 73 4
88 81 91 83
174 163 174 171
197 37 199 39
198 233 198 240
133 158 134 163
108 53 108 64
46 161 49 163
25 79 26 84
27 194 28 199
126 40 128 43
71 124 72 129
83 89 84 94
140 46 142 49
147 11 148 16
167 208 168 213
175 126 176 131
149 112 150 117
166 229 167 234
65 128 66 133
87 38 88 43
72 174 74 177
49 182 52 184
85 18 85 26
44 90 44 101
22 37 22 48
66 154 66 163
187 69 192 70
189 245 190 249
7 38 10 40
140 180 144 181
154 241 156 244
151 93 154 95
187 34 192 35
177 236 179 239
129 230 132 232
50 206 55 207
137 133 138 138
183 18 185 21
28 36 33 37
189 201 191 204
1 136 3 139
76 156 77 161
72 73 73 78
116 212 119 214
90 111 90 122
45 132 45 141
83 199 84 204
98 240 100 243
17 81 17 92
44 3 47 5
163 143 167 144
114 27 116 30
170 29 172 32
98 201 99 206
47 35 50 37
52 136 57 137
37 118 40 120
27 74 30 76
155 99 156 104
22 215 22 223
184 2 185 6
163 86 166 88
144 108 146 111
13 79 14 84
139 117 140 121
112 176 114 179
124 148 129 149
68 200 69 204
3 8 4 13
155 65 155 74
93 153 95 156
161 168 163 171
102 170 102 177
92 63 94 66
33 187 34 191
65 179 66 184
164 184 164 195
62 77 64 80
85 186 86 190
40 135 42 138
17 151 18 155
18 201 19 206
38 213 39 218
44 207 44 218
77 103 78 108
146 241 147 246
154 77 155 82
195 223 195 233
90 18 90 29
132 9 132 20
0 218 0 229
106 200 111 201
143 149 145 152
175 28 175 39
49 122 54 123
159 58 160 63
16 195 18 198
81 246 82 249
73 245 76 247
13 28 16 30
2 26 4 29
54 82 56 85
53 145 53 153
24 110 29 111
38 232 43 233
69 242 72 244
74 33 76 36
196 199 196 207
73 240 74 244
63 150 63 161
45 6 45 13
40 86 43 88
149 137 152 139
39 244 44 245
122 26 127 27
44 28 44 39
153 55 154 60
26 63 26 74
2 160 3 164
141 102 144 104
103 186 104 191
97 142 99 145
199 84 199 95
113 243 124 243
189 237 190 242
33 192 34 196
138 243 140 246
156 22 161 23
8 209 9 214
6 41 7 46
103 67 105 70
47 199 52 200
76 27 77 32
11 59 12 64
104 33 107 35
77 35 80 37
23 233 24 237
17 130 20 132
28 177 30 180
121 5 122 10
49 169 51 172
65 191 66 196
89 123 90 127
24 96 25 99
164 126 168 127
124 105 125 110
111 206 113 209
163 3 164 8
157 139 157 149
85 196 86 201
141 82 145 83
78 83 79 87
188 73 190 75
103 53 104 58
115 136 116 140
101 168 106 169
123 221 128 222
136 174 136 185
29 204 31 207
108 30 111 32
85 69 85 80
27 93 29 96
30 194 31 199
56 36 57 41
99 189 102 191
175 77 177 80
139 191 141 194
159 48 162 50
182 226 184 229
150 46 150 55
67 191 67 202
45 142 48 144
55 27 58 29
29 22 30 26
33 71 37 72
193 157 196 159
128 187 131 189
146 92 146 101
34 142 37 144
118 105 120 108
167 40 170 42
100 163 101 167
165 128 165 139
117 247 119 249
74 133 75 138
59 192 61 195
58 11 60 14
26 114 26 123
138 83 140 86
177 30 179 33
133 243 134 248
180 42 184 43
56 9 56 19
76 79 77 84
60 216 62 219
23 211 23 219
89 6 90 11
145 167 145 178
50 61 51 66
14 69 16 72
174 107 175 112
151 155 154 157
88 135 89 140
29 3 31 6
6 226 9 228
97 201 97 212
168 236 169 241
194 75 197 77
138 196 140 199
69 225 69 235
80 52 80 59
63 186 63 197
144 51 145 56
8 115 8 123
193 20 195 23
122 122 123 126
2 140 4 142
81 156 84 158
70 50 71 55
157 70 159 73
1 225 4 227
34 176 35 181
59 152 59 163
46 46 50 47
166 3 168 6
7 195 8 200
157 108 158 112
190 91 194 92
44 187 45 191
0 160 1 165
23 223 24 228
39 145 42 147
129 31 132 33
167 180 167 191
28 103 30 106
162 22 163 25
18 86 19 91
165 186 166 191
171 99 172 104
43 27 43 35
55 151 56 154
128 197 129 201
118 77 120 80
189 140 190 145
68 17 69 22
87 135 87 146
172 154 175 156
33 135 38 136
142 162 142 170
149 72 152 74
161 29 163 31
161 73 162 78
186 83 186 94
37 89 37 97
145 1 146 5
20 168 23 170
72 139 74 142
94 178 95 182
146 50 148 53
86 218 87 223
135 45 138 47
139 33 142 35
110 154 110 162
166 105 168 108
76 3 77 8
151 147 152 150
190 56 193 58
123 161 126 163
50 49 53 51
30 0 33 2
157 240 157 248
10 204 11 209
37 198 38 203
146 42 147 46
178 83 179 88
133 201 137 202
119 15 120 19
99 174 100 179
1 123 2 128
148 203 148 214
55 54 57 57
95 227 96 232
72 131 77 132
165 167 166 172
188 61 193 62
20 31 20 39
126 184 127 187
134 146 137 148
104 12 104 22
175 8 176 13
27 97 28 102
31 113 34 115
117 39 118 44
102 164 104 167
2 94 3 97
189 7 190 12
116 69 117 74
141 177 144 179
72 178 74 181
116 143 118 146
151 111 154 113
5 150 8 152
183 22 186 24
33 150 38 151
40 139 44 140
106 152 109 153
40 8 41 13
80 206 82 209
169 192 170 196
15 209 15 219
41 120 41 127
131 190 131 200
0 102 0 113
125 192 126 197
46 50 49 52
26 9 26 17
139 5 140 9
30 60 30 71
171 40 171 51
124 202 127 204
197 99 199 102
70 199 75 200
199 233 199 240
172 204 174 207
27 114 27 123
77 88 79 91
94 244 95 249
113 6 115 9
151 75 153 78
193 127 194 130
160 232 161 237
21 55 22 60
92 30 95 32
99 231 107 231
152 129 153 134
192 244 193 249
139 61 141 64
16 105 17 109
170 180 172 183
185 182 187 185
32 17 32 28
31 8 31 19
113 77 115 80
163 65 165 68
4 209 5 213
137 240 140 242
31 96 31 107
47 103 47 114
105 56 107 58
5 134 6 139
90 74 92 77
7 133 8 138
87 118 89 121
42 57 42 68
66 93 68 96
124 92 129 93
38 224 41 226
191 75 192 78
128 128 133 129
61 210 62 215
3 195 6 197
136 139 138 142
148 80 149 84
76 37 76 48
2 4 4 7
161 190 163 192
0 21 3 23
157 232 159 235
151 203 153 206
172 200 174 203
178 106 180 108
39 54 42 56
31 69 31 77
150 237 151 241
100 235 102 238
185 174 186 179
3 165 4 170
180 217 180 228
38 227 39 231
70 168 73 170
171 23 172 28
170 234 173 236
126 99 127 104
155 84 157 87
59 23 62 25
60 229 61 234
23 83 23 94
188 101 189 105
160 141 161 146
185 124 186 129
24 40 25 43
102 114 105 116
55 43 56 48
103 59 104 64
57 19 62 20
146 206 146 214
183 66 183 77
166 220 167 225
87 233 88 238
46 48 49 49
165 95 166 100
108 163 113 164
46 6 48 9
58 3 63 4
118 50 121 52
128 78 133 79
87 44 90 45
36 214 37 219
198 65 199 70
30 212 31 217
15 93 20 94
187 71 191 72
7 187 9 190
152 48 156 49
119 28 120 33
7 47 8 52
146 39 149 41
20 229 24 230
31 78 31 87
78 152 79 157
176 221 177 226
20 241 21 246
166 199 166 210
177 2 179 5
5 19 7 22
81 125 85 126
19 160 20 164
140 152 142 155
65 213 70 214
16 49 16 58
187 220 192 221
187 222 190 224
65 150 67 153
65 103 66 107
31 119 36 120
121 140 122 144
104 174 104 185
69 175 69 184
193 233 193 240
38 190 41 192
108 207 108 214
67 154 67 163
63 210 64 214
156 195 157 198
22 201 26 202
129 82 130 86
112 216 112 227
72 224 73 229
0 81 1 86
27 89 28 92
111 77 112 81
57 151 58 155
38 100 43 101
160 179 161 184
17 65 18 70
58 9 63 10
126 44 126 53
86 160 87 164
164 112 164 122
174 222 175 227
176 231 176 242
67 135 69 138
32 3 33 8
48 154 49 158
91 220 93 223
54 99 57 101
133 84 134 89
181 5 183 8
107 146 108 151
59 167 61 170
197 153 199 156
179 190 182 191
27 175 30 176
188 149 189 154
106 140 109 142
126 21 129 23
121 88 121 97
74 2 74 13
50 246 52 249
8 3 9 6
197 57 198 62
185 166 186 171
113 197 114 200
35 165 36 169
16 183 18 186
9 154 11 157
76 135 79 137
176 57 179 59
31 50 36 51
168 12 168 23
12 50 13 54
17 207 20 209
139 136 141 139
60 41 61 46
72 39 73 44
43 19 44 23
54 66 59 67
197 182 197 193
96 105 96 113
104 119 106 122
64 93 65 98
106 194 107 199
195 146 198 148
148 103 148 114
27 227 28 230
103 7 104 11
50 138 55 139
183 207 183 218
50 192 55 193
160 19 163 21
67 11 68 16
69 217 71 220
71 48 75 49
188 106 191 108
58 136 58 147
106 107 107 112
162 152 163 157
136 227 137 232
62 153 62 161
176 73 177 76
62 229 64 232
175 0 180 1
110 87 111 92
141 214 144 216
152 3 155 5
125 225 126 230
35 189 35 196
15 63 16 68
71 104 74 106
44 232 44 243
7 98 7 107
164 77 165 82
177 110 178 114
194 219 196 222
46 241 47 246
56 91 57 95
64 185 67 186
145 118 148 120
104 80 105 85
119 39 120 44
52 55 53 60
153 245 155 248
8 57 9 62
173 45 174 50
7 80 12 81
93 136 95 139
70 136 71 141
191 222 191 233
21 171 22 176
139 126 141 129
70 99 70 108
157 58 158 63
4 73 4 84
128 56 130 58
61 104 62 108
131 72 132 77
124 167 124 178
139 147 139 158
11 233 12 238
88 46 89 51
131 82 132 86
72 67 73 72
57 107 59 110
164 208 165 211
157 128 157 138
50 173 53 175
104 86 108 87
180 56 183 58
162 158 163 163
81 96 82 101
155 10 156 15
51 33 52 38
47 16 48 21
156 180 158 183
181 137 182 141
88 32 91 34
83 45 85 48
80 85 83 87
115 48 115 55
17 32 19 35
0 95 1 100
171 67 174 69
35 227 35 236
81 90 82 95
114 31 116 34
12 247 15 249
146 181 149 183
35 114 36 118
183 130 186 132
58 56 60 59
39 200 41 203
172 36 174 39
40 133 44 134
68 31 69 35
77 119 79 122
16 116 21 117
23 151 24 156
144 222 146 225
21 133 23 136
69 248 77 248
135 238 136 243
112 72 115 74
42 70 44 73
35 75 36 80
13 55 15 58
71 57 74 59
25 224 26 229
114 62 114 71
99 81 102 83
72 50 75 52
31 129 33 132
194 208 196 210
195 151 196 156
16 191 18 194
35 38 36 43
100 218 102 221
139 22 140 26
107 113 107 122
38 86 39 91
35 89 36 92
165 47 166 52
127 230 128 234
92 0 93 4
197 135 199 138
12 131 13 136
171 7 174 9
41 69 41 80
26 38 26 49
13 104 14 109
181 142 183 145
25 233 25 244
52 24 54 27
122 28 122 39
23 157 24 161
0 77 3 79
9 233 10 238
159 193 160 196
53 168 54 172
143 17 148 18
161 217 164 219
135 19 136 24
151 47 151 55
167 145 167 155
27 201 32 202
164 32 165 37
180 117 181 122
179 150 181 153
76 205 77 210
126 105 127 110
93 112 93 123
177 233 182 234
65 79 75 79
100 84 100 94
94 73 95 76
171 17 172 22
19 50 24 51
168 176 170 179
127 161 129 164
16 199 21 200
133 29 144 29
100 159 101 162
79 159 84 160
163 140 165 142
25 1 27 4
17 110 22 111
10 181 15 182
167 0 170 2
143 118 144 123
94 233 96 235
59 131 62 133
171 70 175 71
5 110 6 115
99 55 99 65
53 91 55 94
176 26 176 35
35 125 36 130
13 89 14 94
125 172 126 175
116 77 117 82
144 198 144 209
64 149 64 160
97 100 97 111
33 237 36 239
140 148 150 148
128 238 131 240
137 105 138 110
185 66 186 70
7 26 11 27
164 163 167 165
102 137 103 142
141 217 144 219
13 112 14 117
3 126 5 129
27 70 29 73
105 164 107 167
96 236 96 246
78 138 80 141
184 60 185 65
56 209 58 212
37 77 37 88
111 180 115 181
81 6 83 9
1 109 3 111
118 67 120 70
144 30 147 32
92 165 95 167
17 14 19 17
150 181 151 186
104 109 105 113
194 174 195 178
34 152 35 155
41 23 41 30
21 205 22 209
11 6 12 10
34 84 35 88
110 65 111 70
138 202 140 205
116 204 117 208
164 226 167 228
12 154 13 159
168 68 170 71
13 4 13 15
39 237 42 239
97 66 99 68
58 41 59 45
25 161 26 165
74 96 77 98
182 207 182 218
27 137 28 142
83 185 84 190
67 126 68 130
33 29 38 30
123 197 123 206
47 224 47 234
60 101 63 103
97 146 97 155
63 226 68 227
106 143 109 145
67 149 74 149
131 145 133 148
74 116 75 121
65 10 66 15
6 230 7 235
4 175 7 177
111 50 111 59
105 232 107 235
151 211 153 214
31 32 39 32
102 117 103 121
181 0 182 4
47 38 48 43
60 173 62 176
195 93 198 94
17 112 19 115
179 209 179 220
146 184 149 185
62 42 62 53
87 246 89 249
150 199 155 200
104 131 107 133
63 65 67 66
37 45 37 56
66 43 66 54
170 16 181 16
110 104 113 106
95 6 96 10
98 223 98 231
59 242 60 247
105 178 107 180
110 98 113 100
97 60 98 65
144 141 145 146
192 216 195 218
22 203 27 204
139 87 141 90
167 199 167 207
164 106 165 111
120 46 125 47
57 120 58 125
138 79 141 81
95 35 96 40
180 74 181 78
14 224 14 232
117 48 117 59
12 122 14 125
79 221 79 232
95 50 97 53
18 27 20 30
152 215 153 220
45 216 47 219
70 31 71 36
154 148 156 151
102 151 103 156
136 91 136 99
101 23 104 25
180 125 181 129
144 33 145 37
47 0 49 2
117 115 122 116
12 126 14 129
130 42 132 45
158 176 161 178
161 193 163 196
141 112 146 113
92 175 93 178
32 185 37 186
69 84 73 85
183 146 184 151
136 217 137 221
171 33 174 35
98 232 99 237
133 94 134 99
118 22 119 27
194 108 195 113
81 145 86 146
64 57 64 64
59 145 61 148
83 171 85 173
135 194 136 199
192 102 193 106
186 197 187 202
144 91 144 101
104 206 106 209
184 34 184 41
9 53 10 56
138 39 139 43
76 50 77 54
160 112 163 113
16 149 21 150
129 44 129 55
114 104 114 114
61 242 62 247
104 88 104 98
50 238 51 243
173 76 174 81
104 149 105 154
73 218 74 223
123 144 128 145
81 133 81 141
99 15 100 20
80 88 80 99
7 139 8 144
162 114 162 124
118 98 121 100
74 226 75 231
56 166 58 169
162 197 167 198
157 78 158 83
152 11 153 16
158 193 158 204
5 203 6 208
103 174 103 185
46 115 47 120
137 186 140 188
78 142 81 143
96 97 96 104
21 186 22 190
103 216 104 221
134 80 136 83
158 51 160 54
156 6 158 9
115 172 115 179
99 0 99 11
10 198 12 201
123 28 124 33
76 164 78 167
14 160 15 165
182 159 183 164
179 109 179 120
101 209 102 214
32 156 34 159
28 53 29 57
38 33 39 38
125 12 126 16
123 114 126 116
102 84 103 88
141 108 143 111
83 161 84 165
117 14 118 19
4 57 7 59
129 213 132 215
169 151 170 155
17 103 22 104
69 119 69 130
183 133 184 138
147 201 152 202
110 202 113 204
130 148 130 156
133 100 135 102
2 100 2 108
161 10 163 13
196 238 197 243
183 0 186 1
192 131 193 135
1 39 2 42
195 117 196 122
108 75 112 76
106 185 107 189
152 140 155 142
130 162 132 165
128 59 130 62
65 205 70 206
147 77 150 79
16 95 18 98
79 43 80 47
58 198 59 203
157 113 159 116
181 66 182 69
81 171 82 176
83 27 83 38
171 191 174 193
67 112 69 114
179 134 182 136
89 58 91 61
34 133 39 134
54 31 55 36
130 27 132 30
174 86 176 89
72 53 74 56
5 9 10 10
5 163 7 166
80 79 84 80
74 39 75 44
155 221 155 230
115 121 116 126
197 10 197 21
137 191 138 195
44 225 46 228
73 8 73 16
3 154 4 159
10 57 10 67
9 175 14 176
170 87 172 90
57 156 58 160
100 150 100 158
21 224 22 228
90 170 91 174
131 201 132 206
156 164 159 165
17 56 19 59
99 183 100 188
136 68 138 71
123 215 125 218
123 40 124 45
153 70 154 74
48 117 51 119
120 22 121 27
62 26 63 30
15 86 16 91
17 52 19 55
195 245 197 248
30 156 31 161
36 228 37 233
79 48 79 59
5 3 7 6
133 44 142 44
123 140 125 143
78 246 80 249
169 123 170 127
65 187 67 190
61 54 61 65
128 95 129 100
57 239 58 244
133 11 133 22
113 56 114 61
121 208 121 216
72 201 72 211
154 118 155 123
11 85 14 87
175 179 176 183
91 121 91 132
161 37 163 40
53 195 55 198
16 156 17 161
16 187 18 190
48 124 51 125
18 165 19 170
45 169 48 171
195 62 195 73
124 0 127 2
23 181 23 190
147 54 149 57
131 216 133 219
57 111 57 119
80 82 83 84
131 3 134 4
46 204 47 209
13 137 14 142
146 81 146 91
139 70 141 73
113 42 116 44
56 114 56 124
177 215 178 220
186 207 189 209
7 203 7 214
184 54 187 56
52 96 53 101
146 47 149 49
46 12 48 15
40 153 43 155
126 207 127 211
175 63 176 67
148 158 150 161
121 164 124 166
176 152 176 162
197 40 199 43
143 21 154 21
17 4 22 5
44 147 45 152
71 20 73 23
100 139 100 149
49 38 50 42
156 159 157 163
118 234 126 234
32 160 34 163
175 113 175 121
60 60 60 71
75 140 77 143
50 10 52 13
84 209 86 212
110 116 112 119
99 28 100 32
67 143 69 146
69 245 72 247
185 137 187 140
159 109 162 111
95 48 100 49
10 149 13 151
139 51 142 53
10 187 11 192
54 96 57 98
170 17 170 28
87 23 89 26
149 101 151 104
44 0 46 2
158 26 160 29
24 88 33 88
54 70 55 75
59 134 62 136
105 181 107 184
21 158 21 167
32 9 33 13
60 205 62 208
98 81 98 91
93 229 93 240
8 82 10 85
95 215 96 220
29 124 34 125
77 243 80 245
141 0 152 0
75 146 76 151
60 196 60 204
0 24 3 25
181 180 184 182
185 212 185 223
6 183 8 186
41 221 44 223
89 218 90 223
12 95 15 97
135 163 140 164
59 111 59 122
191 24 191 32
82 133 82 144
144 135 147 137
80 226 83 228
189 67 194 68
42 43 43 48
25 34 27 37
175 139 177 142
11 106 12 111
9 239 11 242
115 0 117 3
107 245 108 249
17 36 18 40
161 125 162 130
111 148 113 151
100 35 100 46
130 37 131 41
94 0 95 5
127 80 132 81
169 3 170 7
20 40 21 43
156 223 156 234
18 78 18 85
46 147 48 150
179 12 181 15
170 241 173 243
122 127 123 132
108 41 110 44
141 241 143 244
3 229 4 234
164 74 167 76
17 72 18 77
187 44 188 48
80 60 85 61
9 129 11 132
165 217 168 219
53 199 57 200
142 139 143 144
26 85 29 87
72 109 72 119
177 203 178 208
109 147 110 151
177 97 178 102
53 132 55 135
115 226 116 231
134 152 137 154
121 170 123 173
155 166 158 168
185 41 186 46
128 126 133 127
4 104 4 115
49 28 52 30
18 47 21 49
94 236 94 243
81 67 82 72
21 233 22 237
42 224 43 229
92 225 94 228
74 193 76 196
71 150 74 152
183 109 192 109
121 150 122 155
68 236 70 239
0 190 3 192
54 68 59 69
114 209 119 210
2 98 6 99
139 65 142 67
44 46 45 50
176 70 178 72
118 109 119 114
165 53 170 54
32 205 32 216
177 26 182 27
196 224 199 226
28 145 29 149
74 197 79 198
107 0 110 2
65 6 67 9
40 161 40 172
188 40 190 43
121 40 122 45
116 105 117 110
148 29 151 31
58 31 60 34
11 89 12 94
156 199 157 204
79 103 80 107
139 159 142 161
52 66 53 70
104 146 106 148
58 72 61 74
185 228 187 231
167 112 167 123
187 21 188 24
29 137 32 139
127 82 128 87
188 127 188 136
162 215 167 216
87 165 90 167
42 121 45 123
94 77 95 82
56 196 59 197
160 227 161 231
74 15 75 20
6 30 7 34
133 119 138 120
16 237 17 242
147 223 147 234
27 144 27 155
105 36 105 47
5 23 8 25
79 16 83 17
115 98 117 101
192 24 195 26
42 20 42 31
102 143 103 148
177 165 178 169
145 89 145 100
13 214 14 219
62 198 63 202
21 25 22 30
195 211 197 213
59 142 62 144
73 126 75 129
62 73 64 76
0 116 1 121
68 165 68 176
190 149 191 154
63 168 63 179
181 168 183 171
115 152 120 153
176 40 181 41
43 51 44 55
105 19 106 24
116 176 119 178
40 50 42 53
74 184 79 185
151 158 152 163
59 91 61 94
193 75 193 86
11 139 11 148
4 93 5 97
10 100 12 103
46 247 49 249
197 157 199 159
106 0 106 9
150 125 151 130
134 60 136 63
46 187 47 191
181 63 183 65
117 137 118 142
183 86 184 91
5 182 5 193
123 188 124 192
85 110 86 115
157 10 158 15
115 62 117 64
63 22 65 25
27 42 27 49
27 38 29 41
192 149 197 150
27 59 27 69
67 178 68 183
37 234 38 239
42 164 43 167
101 88 101 99
106 41 107 45
153 184 154 189
128 175 129 180
105 123 107 126
74 166 75 171
175 122 177 125
6 92 7 97
46 229 46 240
12 239 14 242
118 59 121 61
112 190 116 191
154 195 155 198
181 111 182 116
175 231 175 242
164 229 165 234
110 127 111 131
173 43 177 44
187 212 194 212
4 143 4 153
138 226 141 228
173 21 176 23
164 202 165 207
19 7 20 12
143 238 148 239
83 68 84 72
195 127 196 131
153 22 154 27
124 130 125 135
23 146 26 147
147 85 148 90
191 115 191 126
112 92 113 97
164 38 166 41
66 55 66 64
49 145 52 147
123 74 124 78
71 64 71 74
170 208 171 213
151 244 152 249
43 199 45 202
48 175 49 179
51 18 52 23
135 161 138 162
159 75 160 80
126 130 129 131
43 89 43 99
193 107 193 117
50 79 51 84
114 201 114 208
67 50 67 59
177 209 178 214
94 68 95 72
122 219 127 220
94 192 96 195
27 244 28 249
115 197 116 202
190 127 192 130
140 156 143 158
115 4 120 5
192 71 194 74
192 175 193 180
16 18 18 21
125 157 127 160
39 196 41 199
0 2 1 7
168 147 170 150
10 41 10 48
94 102 95 107
64 108 65 113
184 75 187 77
69 56 70 59
100 126 101 130
36 121 38 124
44 76 46 78
187 157 187 166
81 24 84 26
199 51 199 62
140 171 144 172
102 158 103 163
51 229 52 234
22 158 22 167
85 62 86 67
137 19 140 21
93 149 95 152
189 21 189 29
96 13 96 24
109 51 109 62
86 56 87 61
75 109 77 112
82 213 83 218
102 48 105 50
161 4 162 9
54 125 56 128
122 17 127 18
106 224 107 229
87 2 91 3
79 38 80 42
38 248 43 249
118 87 119 92
110 9 111 14
120 87 120 97
187 0 189 3
108 237 109 241
66 108 66 118
157 227 159 230
90 63 91 68
33 56 35 59
44 84 45 89
193 43 193 54
158 128 158 138
134 11 135 16
24 105 25 109
147 194 149 197
175 68 178 69
169 43 170 48
79 28 82 30
153 146 156 147
145 219 148 221
180 21 181 25
126 3 127 8
162 235 165 237
135 105 136 110
185 186 185 197
84 96 85 101
30 153 33 155
102 99 104 102
55 147 57 150
134 31 135 36
24 114 24 125
107 82 112 83
78 67 78 78
21 10 23 13
4 237 5 242
9 222 10 225
8 159 10 162
76 113 76 121
130 190 130 201
189 95 190 100
110 183 111 188
98 244 100 246
66 0 67 5
24 29 25 33
29 164 30 168
151 43 153 46
1 17 3 20
140 149 142 151
56 61 58 64
3 53 5 56
82 127 85 129
36 98 41 99
81 178 84 180
65 134 66 139
71 237 74 239
191 235 192 240
50 176 51 181
6 120 6 131
41 110 41 119
102 122 102 130
135 85 136 90
155 111 156 116
15 243 17 246
143 188 144 191
5 26 6 29
68 50 68 59
115 170 120 171
112 42 112 53
116 20 120 21
65 144 66 149
78 21 78 30
86 122 88 125
109 135 110 139
33 75 34 79
13 73 16 75
138 1 140 4
110 101 113 103
87 172 89 174
119 140 120 144
38 59 40 62
23 243 24 248
162 32 163 36
152 175 153 180
16 174 17 178
31 31 41 31
186 112 187 117
119 71 120 75
104 74 105 79
12 185 13 190
103 105 105 108
123 34 124 39
81 62 82 66
40 89 41 93
112 13 115 15
117 201 120 203
40 227 41 231
97 234 97 245
70 175 70 186
174 139 174 149
147 203 147 214
23 52 24 57
175 163 179 164
101 77 103 80
162 164 163 167
66 170 66 178
65 233 66 238
149 118 152 120
167 170 170 172
54 49 54 57
143 130 145 133
129 105 130 109
65 207 68 209
153 35 155 38
165 112 166 117
11 211 12 216
81 243 84 245
156 38 156 47
42 89 42 99
0 132 0 139
54 41 54 48
5 214 5 221
174 55 175 59
94 183 95 188
140 12 142 15
124 111 127 113
111 211 120 211
149 22 152 24
52 176 57 177
41 205 42 210
21 191 23 194
175 200 176 205
86 147 86 156
3 87 8 88
8 177 9 182
108 183 109 188
156 134 156 142
183 233 188 234
1 237 2 242
115 217 116 222
130 174 131 178
50 14 53 16
14 7 15 12
85 6 87 9
110 205 110 214
175 165 176 170
44 145 48 146
169 91 171 94
73 24 73 35
117 164 118 169
123 84 125 87
167 99 169 102
57 77 58 81
65 246 68 248
157 64 158 69
15 59 16 62
179 156 180 161
30 236 32 238
160 41 162 44
79 65 80 70
0 235 5 236
143 38 143 49
105 190 107 193
9 41 9 48
77 174 78 179
184 212 184 223
187 123 189 126
53 37 55 40
137 121 138 126
61 109 62 114
68 154 70 157
25 56 27 58
197 216 198 220
43 76 43 85
100 229 105 230
126 84 126 91
103 242 106 243
29 27 30 31
2 120 5 122
126 150 129 152
37 0 38 4
92 129 94 132
55 221 58 223
11 72 12 76
162 212 165 214
172 184 175 186
46 159 49 160
92 193 93 198
169 220 169 229
26 127 28 130
164 9 164 17
69 12 72 14
19 105 20 109
149 220 151 223
35 93 36 97
99 146 99 155
43 56 44 61
126 74 127 79
27 231 28 236
67 17 67 28
25 205 26 209
87 199 92 200
24 59 26 62
20 231 25 232
159 81 160 85
95 114 96 119
34 81 36 83
131 151 132 156
47 57 48 62
29 134 32 136
78 79 79 82
89 233 89 241
150 18 153 20
188 112 192 113
16 22 21 23
30 171 32 174
19 18 22 20
128 191 129 196
85 32 87 35
176 193 178 196
118 28 118 38
76 133 80 134
95 83 96 88
36 240 37 245
146 228 146 236
39 94 41 97
59 37 61 40
65 242 67 245
163 53 164 57
44 124 46 127
184 154 187 156
68 115 68 125
127 168 132 169
6 35 9 37
180 203 183 205
123 136 125 139
142 114 147 115
107 168 108 173
149 33 154 34
167 49 170 51
162 134 163 139
33 137 34 141
125 63 130 64
142 84 142 95
81 185 82 190
110 144 113 146
84 0 86 3
149 204 149 215
160 14 162 17
120 225 120 233
1 112 3 115
71 8 72 11
87 90 87 101
187 213 192 214
66 219 68 221
50 52 51 57
59 140 63 141
131 224 133 227
194 195 199 196
49 148 52 150
56 236 59 238
155 185 163 185
169 17 169 28
145 162 150 163
100 58 100 69
162 172 162 183
130 119 132 122
168 84 168 94
138 218 139 223
0 208 0 217
51 46 53 48
184 57 187 59
88 86 88 97
98 33 99 38
139 207 143 208
64 249 75 249
86 129 88 132
97 26 102 27
78 130 81 132
92 184 92 192
70 133 73 135
197 168 198 173
110 189 111 193
80 202 82 205
198 113 199 118
114 115 114 125
69 191 69 199
31 218 31 228
162 238 163 242
173 208 174 213
38 23 40 25
83 136 86 138
147 187 149 190
124 121 125 126
59 149 61 151
33 89 34 94
63 32 64 37
143 210 145 213
133 187 135 190
41 161 41 172
70 230 73 231
136 165 137 170
78 109 79 114
188 195 188 206
84 141 86 144
165 192 166 196
143 10 146 12
116 92 117 97
110 220 111 225
17 44 17 51
123 102 123 113
164 93 164 102
18 44 21 46
23 205 24 210
190 205 191 210
16 247 18 249
193 164 194 169
107 7 109 9
140 76 143 78
23 58 23 65
188 15 189 20
172 216 173 219
20 66 24 67
140 55 143 57
130 49 131 54
9 49 10 52
85 81 86 86
135 39 137 42
168 8 170 11
127 241 134 241
131 105 131 116
136 233 137 237
172 40 172 51
87 67 87 76
135 206 138 208
66 222 68 225
194 46 195 51
140 237 149 237
103 247 106 249
49 75 51 78
69 75 71 78
37 15 40 17
136 100 137 104
169 110 171 113
105 174 107 177
49 166 54 167
0 145 1 150
187 9 188 14
55 170 56 175
180 46 184 47
182 36 183 41
184 7 186 10
145 201 146 205
33 149 42 149
194 78 195 83
55 155 56 160
156 53 156 64
66 165 67 169
153 101 154 106
115 232 117 234
90 206 91 211
173 94 176 96
48 201 53 202
132 103 135 104
72 172 75 173
171 227 172 232
184 203 187 205
34 203 36 206
171 151 171 162
71 37 71 47
131 21 132 26
78 204 79 209
30 232 32 235
93 14 94 19
68 0 69 5
127 68 128 73
98 41 99 46
32 69 32 79
80 165 80 174
20 52 20 61
160 149 162 151
130 46 133 48
90 138 92 140
48 86 50 89
159 166 160 169
14 50 15 54
82 166 83 170
63 46 65 48
117 131 118 136
78 38 78 49
170 99 170 109
65 29 70 30
123 65 123 73
113 223 116 225
2 175 3 180
14 131 15 136
181 106 182 110
25 210 30 211
157 170 158 175
175 197 180 198
179 165 179 175
128 101 128 109
60 95 62 98
16 76 16 85
79 175 80 179
135 220 135 231
119 219 121 221
154 128 154 139
166 109 168 111
6 0 9 2
121 225 124 227
53 102 56 104
30 243 33 245
138 169 139 174
49 7 51 9
185 121 190 122
95 95 100 96
163 181 166 183
108 232 109 236
171 105 173 108
31 116 34 118
112 234 113 239
187 30 190 32
147 91 150 93
149 12 150 17
147 63 148 67
76 168 77 173
198 124 199 129
3 123 5 125
20 97 21 102
180 235 182 238
0 176 1 181
50 185 53 187
22 22 25 24
88 218 88 229
122 69 122 78
185 85 185 96
103 196 105 199
59 124 60 129
154 50 155 54
135 64 135 75
18 133 20 136
83 174 86 176
178 93 179 96
63 91 63 100
10 68 11 71
37 207 38 212
159 14 159 21
5 171 7 174
116 111 117 114
70 60 71 63
49 12 49 23
100 106 102 109
61 31 62 36
53 226 53 237
11 195 14 197
192 63 194 66
150 164 152 167
116 172 117 175
116 102 118 104
92 38 93 43
105 59 106 64
102 1 103 6
131 67 134 69
24 90 25 95
126 235 126 246
36 33 37 37
92 52 94 54
59 239 62 241
136 27 141 28
180 49 181 54
83 49 83 59
5 202 16 202
130 228 134 229
7 191 9 194
52 141 54 144
129 68 129 77
8 215 10 218
54 161 58 162
175 24 179 25
15 120 20 121
71 143 74 145
3 39 5 42
121 231 124 233
150 56 152 59
17 137 22 138
178 123 183 124
19 181 20 186
131 179 132 184
93 201 94 206
117 215 117 224
175 14 178 15
187 146 190 148
156 121 158 124
169 244 170 249
103 244 106 246
154 96 156 98
110 84 113 86
189 155 192 157
48 215 48 226
127 65 130 67
95 213 100 214
125 28 127 30
180 201 185 202
13 236 15 238
43 176 45 179
163 69 163 80
138 229 140 232
71 146 74 148
62 145 62 152
45 67 46 72
149 60 151 63
43 234 43 243
47 210 48 214
17 0 19 3
113 228 114 233
80 222 82 225
91 37 91 48
56 213 60 214
9 87 10 92
102 134 105 136
155 0 158 2
132 220 134 223
8 20 11 21
36 65 37 70
96 147 96 155
104 158 105 163
77 12 79 15
122 237 123 242
176 212 176 220
180 84 184 85
67 60 69 62
113 170 114 175
105 236 107 239
114 158 119 159
22 139 22 150
45 91 46 96
47 235 48 240
5 116 7 119
24 198 26 200
100 232 104 233
32 80 33 85
65 80 65 87
88 196 91 198
158 157 159 162
172 187 174 190
116 6 116 17
81 22 84 23
30 54 31 59
28 77 30 80
194 5 196 8
22 96 23 101
11 11 12 14
173 24 174 29
159 203 161 206
104 140 105 145
178 176 179 179
138 200 143 201
146 58 147 62
91 238 92 243
47 96 50 98
108 96 109 101
62 180 63 185
17 171 20 173
63 121 63 132
87 62 94 62
148 96 153 97
67 230 67 241
167 156 170 158
98 156 99 161
65 228 66 232
60 86 61 90
196 65 197 70
23 14 25 17
61 224 62 228
154 211 154 220
49 58 51 60
134 137 135 141
97 215 107 215
23 142 25 145
168 162 170 164
159 36 160 40
5 140 5 149
63 134 64 139
72 182 73 187
126 212 127 217
191 40 192 45
35 6 35 17
37 176 39 179
72 212 73 217
129 170 134 171
54 232 59 233
94 113 94 124
127 31 128 36
114 45 117 47
166 43 168 46
129 141 131 144
108 116 109 120
0 67 2 70
164 123 166 125
138 165 140 168
92 33 97 34
183 48 184 53
4 187 4 194
69 221 71 224
176 171 176 178
77 55 77 65
146 149 146 160
13 143 16 145
88 98 90 101
87 102 90 104
29 153 29 163
143 13 145 16
5 108 10 109
74 27 75 32
106 218 111 219
98 162 99 165
144 23 145 28
138 143 140 146
75 232 75 243
17 24 20 26
198 211 199 215
8 234 8 245
193 16 195 19
171 4 174 6
187 216 191 217
102 71 105 73
62 85 64 87
123 5 124 8
111 194 112 199
108 189 109 193
145 215 147 218
66 215 68 218
193 34 193 42
101 29 103 32
171 139 173 142
24 169 26 172
35 212 35 219
155 211 155 220
80 110 81 114
64 123 67 125
12 112 12 121
129 202 130 206
42 115 43 120
109 121 109 131
37 193 40 195
99 84 99 94
146 176 147 180
182 152 183 157
36 26 39 28
194 132 196 135
156 24 161 25
39 128 41 131
38 47 39 52
59 46 59 55
115 244 116 249
78 62 80 64
26 156 27 160
159 128 159 136
32 14 34 16
148 172 153 173
157 43 158 48
94 108 95 112
25 124 28 126
132 195 133 200
13 41 13 49
67 139 69 142
117 6 119 9
164 89 166 92
18 243 19 246
101 131 103 133
9 152 13 153
142 73 145 75
23 148 26 149
67 84 68 89
175 2 176 7
115 65 117 68
92 55 95 57
9 22 11 25
168 37 171 39
102 89 102 98
67 170 67 177
71 5 73 7
70 0 71 4
46 140 57 140
5 159 7 162
24 5 26 8
192 197 197 198
96 198 99 200
125 3 125 11
79 235 81 238
68 150 70 153
164 29 169 30
142 228 145 230
39 2 42 4
74 66 77 68
93 87 93 97
160 68 161 72
188 161 191 163
125 188 127 191
84 166 85 170
31 175 31 183
155 128 156 133
41 183 44 185
123 207 124 212
166 128 168 131
147 121 147 129
159 3 160 8
149 121 149 130
132 237 134 240
168 184 170 187
